0.000000
1.560000
1.590000
1.620000
1.650000
1.850000
1.910000
1.910000
2.010000
2.050000
2.050000
2.070000
2.070000
2.080000
2.080000
2.080000
2.080000
2.080000
2.080000
2.090000
2.090000
2.090000
2.090000
2.090000
2.090000
2.090000
2.090000
2.100000
2.100000
2.100000
2.100000
2.100000
2.100000
2.100000
2.100000
2.110000
2.110000
2.130000
2.130000
2.130000
2.130000
2.150000
2.160000
2.160000
2.160000
2.160000
2.160000
2.180000
2.220000
2.220000
2.230000
2.230000
2.230000
2.230000
2.230000
2.240000
2.240000
2.240000
2.250000
2.250000
2.250000
2.250000
2.250000
2.250000
2.250000
2.260000
2.260000
2.260000
2.270000
2.280000
2.280000
2.280000
2.280000
2.280000
2.280000
2.280000
2.280000
2.280000
2.280000
2.280000
2.280000
2.280000
2.290000
2.290000
2.290000
2.290000
2.290000
2.290000
2.290000
2.300000
2.300000
2.300000
2.300000
2.300000
2.300000
2.300000
2.300000
2.300000
2.300000
2.300000
2.300000
2.300000
2.300000
2.300000
2.300000
2.300000
2.310000
2.310000
2.310000
2.310000
2.310000
2.310000
2.310000
2.310000
2.310000
2.310000
2.310000
2.310000
2.310000
2.310000
2.310000
2.310000
2.320000
2.320000
2.320000
2.320000
2.320000
2.320000
2.320000
2.320000
2.330000
2.330000
2.330000
2.330000
2.330000
2.330000
2.330000
2.330000
2.330000
2.330000
2.330000
2.330000
2.330000
2.330000
2.340000
2.340000
2.340000
2.340000
2.340000
2.340000
2.340000
2.340000
2.340000
2.350000
2.350000
2.350000
2.350000
2.350000
2.350000
2.350000
2.350000
2.350000
2.350000
2.350000
2.360000
2.360000
2.360000
2.360000
2.360000
2.360000
2.360000
2.360000
2.360000
2.360000
2.360000
2.360000
2.360000
2.360000
2.370000
2.370000
2.370000
2.370000
2.370000
2.370000
2.380000
2.380000
2.380000
2.380000
2.390000
2.390000
2.400000
2.400000
2.400000
2.400000
2.400000
2.400000
2.400000
2.400000
2.400000
2.400000
2.400000
2.400000
2.400000
2.410000
2.410000
2.410000
2.410000
2.410000
2.410000
2.410000
2.410000
2.410000
2.410000
2.410000
2.410000
2.410000
2.410000
2.410000
2.410000
2.420000
2.420000
2.420000
2.420000
2.420000
2.420000
2.420000
2.420000
2.420000
2.420000
2.420000
2.420000
2.420000
2.420000
2.420000
2.420000
2.420000
2.420000
2.420000
2.420000
2.420000
2.420000
2.420000
2.420000
2.420000
2.420000
2.420000
2.430000
2.430000
2.430000
2.430000
2.430000
2.430000
2.430000
2.430000
2.430000
2.430000
2.430000
2.430000
2.430000
2.430000
2.430000
2.430000
2.430000
2.430000
2.430000
2.430000
2.430000
2.430000
2.430000
2.430000
2.430000
2.430000
2.430000
2.430000
2.430000
2.430000
2.440000
2.440000
2.440000
2.440000
2.440000
2.440000
2.440000
2.440000
2.440000
2.440000
2.440000
2.440000
2.440000
2.440000
2.440000
2.440000
2.440000
2.440000
2.440000
2.440000
2.440000
2.440000
2.440000
2.440000
2.440000
2.440000
2.440000
2.440000
2.440000
2.440000
2.440000
2.440000
2.440000
2.440000
2.440000
2.440000
2.440000
2.440000
2.440000
2.440000
2.440000
2.440000
2.440000
2.440000
2.440000
2.440000
2.440000
2.440000
2.440000
2.440000
2.440000
2.440000
2.440000
2.450000
2.450000
2.450000
2.450000
2.450000
2.450000
2.450000
2.450000
2.450000
2.450000
2.450000
2.450000
2.450000
2.450000
2.450000
2.450000
2.450000
2.450000
2.450000
2.450000
2.450000
2.450000
2.450000
2.450000
2.450000
2.450000
2.450000
2.450000
2.450000
2.450000
2.450000
2.450000
2.450000
2.450000
2.450000
2.450000
2.450000
2.450000
2.450000
2.450000
2.450000
2.450000
2.460000
2.460000
2.460000
2.460000
2.460000
2.460000
2.460000
2.460000
2.460000
2.460000
2.460000
2.460000
2.460000
2.460000
2.460000
2.460000
2.460000
2.460000
2.460000
2.460000
2.460000
2.460000
2.460000
2.460000
2.460000
2.460000
2.460000
2.460000
2.460000
2.460000
2.460000
2.460000
2.460000
2.460000
2.460000
2.470000
2.470000
2.470000
2.470000
2.470000
2.470000
2.470000
2.470000
2.470000
2.470000
2.480000
2.480000
2.480000
2.480000
2.480000
2.480000
2.480000
2.480000
2.480000
2.480000
2.480000
2.480000
2.480000
2.480000
2.490000
2.490000
2.490000
2.490000
2.500000
2.500000
2.510000
2.510000
2.510000
2.510000
2.510000
2.520000
2.520000
2.520000
2.520000
2.520000
2.520000
2.530000
2.530000
2.530000
2.530000
2.540000
2.540000
2.540000
2.540000
2.540000
2.550000
2.550000
2.550000
2.550000
2.550000
2.550000
2.550000
2.550000
2.550000
2.550000
2.550000
2.560000
2.560000
2.560000
2.560000
2.560000
2.560000
2.570000
2.570000
2.570000
2.570000
2.570000
2.570000
2.570000
2.570000
2.570000
2.580000
2.580000
2.580000
2.580000
2.580000
2.580000
2.580000
2.580000
2.580000
2.580000
2.580000
2.580000
2.580000
2.580000
2.580000
2.580000
2.580000
2.580000
2.580000
2.580000
2.580000
2.580000
2.580000
2.580000
2.580000
2.580000
2.590000
2.590000
2.590000
2.590000
2.590000
2.590000
2.590000
2.590000
2.590000
2.590000
2.590000
2.590000
2.590000
2.590000
2.590000
2.590000
2.590000
2.590000
2.590000
2.590000
2.590000
2.590000
2.590000
2.590000
2.590000
2.590000
2.590000
2.590000
2.600000
2.600000
2.600000
2.600000
2.600000
2.600000
2.600000
2.600000
2.600000
2.600000
2.610000
2.610000
2.610000
2.610000
2.610000
2.610000
2.610000
2.610000
2.610000
2.610000
2.620000
2.620000
2.620000
2.620000
2.620000
2.620000
2.620000
2.630000
2.630000
2.640000
2.650000
2.650000
2.650000
2.650000
2.650000
2.650000
2.660000
2.660000
2.660000
2.660000
2.660000
2.670000
2.670000
2.670000
2.670000
2.680000
2.680000
2.680000
2.680000
2.680000
2.690000
2.690000
2.690000
2.690000
2.690000
2.690000
2.700000
2.700000
2.700000
2.700000
2.700000
2.700000
2.710000
2.710000
2.710000
2.710000
2.710000
2.710000
2.710000
2.710000
2.710000
2.710000
2.710000
2.720000
2.720000
2.720000
2.720000
2.720000
2.720000
2.720000
2.720000
2.720000
2.730000
2.730000
2.730000
2.730000
2.730000
2.730000
2.730000
2.730000
2.730000
2.740000
2.740000
2.740000
2.740000
2.740000
2.740000
2.750000
2.750000
2.750000
2.750000
2.750000
2.750000
2.750000
2.760000
2.760000
2.760000
2.760000
2.760000
2.760000
2.760000
2.760000
2.760000
2.760000
2.770000
2.770000
2.770000
2.770000
2.770000
2.770000
2.770000
2.780000
2.780000
2.780000
2.780000
2.790000
2.790000
2.800000
2.810000
2.820000
2.820000
2.830000
2.840000
2.840000
2.840000
2.850000
2.850000
2.850000
2.870000
2.870000
2.880000
2.890000
2.900000
2.910000
2.920000
2.920000
2.940000
2.940000
2.940000
2.940000
2.940000
2.940000
2.950000
2.950000
2.950000
2.950000
2.960000
2.980000
2.990000
3.000000
3.000000
3.000000
3.000000
3.010000
3.020000
3.020000
3.020000
3.030000
3.040000
3.040000
3.050000
3.090000
3.100000
3.100000
3.100000
3.110000
3.120000
3.120000
3.140000
3.170000
3.170000
3.210000
3.210000
3.210000
3.210000
3.220000
3.220000
3.230000
3.240000
3.240000
3.250000
3.250000
3.250000
3.280000
3.290000
3.290000
3.300000
3.310000
3.330000
3.340000
3.340000
3.360000
3.360000
3.370000
3.380000
3.380000
3.380000
3.390000
3.390000
3.400000
3.400000
3.410000
3.420000
3.430000
3.440000
3.470000
3.470000
3.480000
3.490000
3.500000
3.510000
3.510000
3.520000
3.540000
3.550000
3.550000
3.550000
3.570000
3.570000
3.590000
3.590000
3.590000
3.600000
3.600000
3.600000
3.620000
3.630000
3.650000
3.650000
3.680000
3.680000
3.700000
3.710000
3.730000
3.740000
3.740000
3.780000
3.790000
3.790000
3.840000
3.850000
3.850000
3.870000
3.870000
3.890000
3.890000
3.930000
3.950000
3.960000
3.970000
3.970000
3.990000
3.990000
4.000000
4.010000
4.010000
4.020000
4.030000
4.030000
4.040000
4.050000
4.050000
4.070000
4.080000
4.110000
4.120000
4.130000
4.140000
4.150000
4.160000
4.170000
4.180000
4.200000
4.210000
4.220000
4.250000
4.260000
4.260000
4.260000
4.280000
4.280000
4.300000
4.310000
4.320000
4.440000
4.460000
4.510000
4.540000
4.550000
4.560000
4.590000
4.620000
4.650000
4.690000
4.700000
4.720000
4.740000
4.790000
4.790000
4.810000
4.820000
4.820000
4.850000
4.890000
4.910000
4.950000
4.970000
4.990000
5.030000
5.040000
5.060000
5.080000
5.080000
5.130000
5.130000
5.140000
5.140000
5.140000
5.160000
5.210000
5.240000
5.270000
5.310000
5.320000
5.370000
5.370000
5.400000
5.480000
5.480000
5.520000
5.520000
5.540000
5.580000
5.660000
5.700000
5.760000
5.770000
5.780000
5.790000
5.820000
5.870000
5.880000
5.900000
5.920000
5.970000
6.020000
6.050000
6.120000
6.250000
6.250000
6.320000
6.330000
6.350000
6.380000
6.430000
6.500000
6.520000
6.700000
6.730000
6.740000
6.770000
6.890000
6.990000
6.990000
7.160000
7.160000
7.380000
7.380000
7.420000
7.460000
7.540000
7.550000
7.570000
7.660000
7.670000
7.670000
7.680000
7.690000
7.720000
7.780000
7.790000
7.850000
7.850000
7.890000
8.030000
8.050000
8.050000
8.100000
8.120000
8.260000
8.360000
8.450000
8.500000
8.630000
8.910000
9.110000
9.260000
9.280000
9.510000
9.640000
9.920000
9.980000
10.100000
10.300000
10.900000
11.300000
11.400000
11.500000
11.900000
12.200000
12.300000
12.800000
13.700000
13.700000
14.000000
14.200000
14.700000
15.100000
15.200000
15.700000
15.900000
17.000000
17.100000
17.100000
17.100000
17.900000
18.700001
19.100000
20.200001
20.600000
22.900000
23.200001
25.900000
28.500000
35.299999
50.799999
50.900002
53.900002
55.200001
61.099998
96.500000
103.000000
104.000000
104.000000
107.000000
117.000000
131.000000
151.000000
152.000000
399.000000
400.000000
402.000000
403.000000
