1.450000
1.550000
1.760000
1.830000
1.870000
1.950000
2.000000
2.010000
2.050000
2.050000
2.070000
2.080000
2.080000
2.080000
2.090000
2.090000
2.100000
2.100000
2.100000
2.110000
2.110000
2.130000
2.140000
2.160000
2.170000
2.180000
2.180000
2.190000
2.190000
2.220000
2.230000
2.230000
2.240000
2.240000
2.240000
2.240000
2.240000
2.240000
2.250000
2.260000
2.260000
2.260000
2.260000
2.260000
2.260000
2.260000
2.270000
2.270000
2.270000
2.270000
2.270000
2.270000
2.270000
2.280000
2.280000
2.280000
2.280000
2.280000
2.280000
2.280000
2.280000
2.290000
2.290000
2.290000
2.290000
2.290000
2.290000
2.290000
2.290000
2.290000
2.290000
2.290000
2.290000
2.300000
2.300000
2.300000
2.300000
2.300000
2.300000
2.300000
2.300000
2.300000
2.300000
2.300000
2.300000
2.300000
2.300000
2.300000
2.300000
2.300000
2.300000
2.300000
2.300000
2.310000
2.310000
2.310000
2.310000
2.310000
2.310000
2.310000
2.310000
2.310000
2.310000
2.310000
2.310000
2.320000
2.320000
2.320000
2.320000
2.320000
2.320000
2.320000
2.320000
2.320000
2.320000
2.320000
2.320000
2.320000
2.320000
2.320000
2.330000
2.330000
2.330000
2.330000
2.330000
2.330000
2.330000
2.330000
2.330000
2.330000
2.330000
2.330000
2.330000
2.330000
2.330000
2.330000
2.330000
2.330000
2.330000
2.330000
2.330000
2.330000
2.330000
2.340000
2.340000
2.340000
2.340000
2.340000
2.340000
2.340000
2.340000
2.340000
2.340000
2.340000
2.340000
2.340000
2.340000
2.340000
2.340000
2.340000
2.340000
2.340000
2.340000
2.340000
2.340000
2.340000
2.340000
2.340000
2.340000
2.350000
2.350000
2.350000
2.350000
2.350000
2.350000
2.350000
2.350000
2.350000
2.350000
2.350000
2.350000
2.350000
2.350000
2.350000
2.350000
2.350000
2.350000
2.350000
2.360000
2.360000
2.360000
2.360000
2.360000
2.360000
2.360000
2.360000
2.360000
2.360000
2.360000
2.360000
2.360000
2.360000
2.370000
2.370000
2.370000
2.370000
2.370000
2.370000
2.370000
2.370000
2.370000
2.370000
2.370000
2.370000
2.370000
2.370000
2.370000
2.370000
2.380000
2.380000
2.380000
2.380000
2.380000
2.380000
2.380000
2.380000
2.390000
2.400000
2.400000
2.400000
2.400000
2.400000
2.400000
2.400000
2.410000
2.410000
2.410000
2.410000
2.410000
2.410000
2.410000
2.420000
2.420000
2.420000
2.420000
2.420000
2.420000
2.420000
2.420000
2.420000
2.420000
2.420000
2.420000
2.420000
2.420000
2.430000
2.430000
2.430000
2.430000
2.430000
2.430000
2.430000
2.430000
2.430000
2.430000
2.430000
2.430000
2.430000
2.430000
2.430000
2.430000
2.430000
2.430000
2.430000
2.430000
2.430000
2.430000
2.430000
2.430000
2.430000
2.430000
2.430000
2.430000
2.430000
2.430000
2.430000
2.430000
2.430000
2.430000
2.430000
2.440000
2.440000
2.440000
2.440000
2.440000
2.440000
2.440000
2.440000
2.440000
2.440000
2.440000
2.440000
2.440000
2.440000
2.440000
2.440000
2.440000
2.440000
2.440000
2.440000
2.440000
2.440000
2.440000
2.440000
2.440000
2.440000
2.440000
2.440000
2.440000
2.440000
2.440000
2.440000
2.440000
2.440000
2.440000
2.440000
2.440000
2.440000
2.440000
2.440000
2.440000
2.440000
2.440000
2.440000
2.440000
2.440000
2.440000
2.440000
2.440000
2.440000
2.440000
2.440000
2.440000
2.440000
2.440000
2.440000
2.440000
2.440000
2.450000
2.450000
2.450000
2.450000
2.450000
2.450000
2.450000
2.450000
2.450000
2.450000
2.450000
2.450000
2.450000
2.450000
2.450000
2.450000
2.450000
2.450000
2.450000
2.450000
2.450000
2.450000
2.450000
2.450000
2.450000
2.450000
2.450000
2.450000
2.450000
2.450000
2.450000
2.450000
2.450000
2.450000
2.450000
2.450000
2.450000
2.450000
2.450000
2.450000
2.450000
2.450000
2.450000
2.450000
2.450000
2.450000
2.450000
2.450000
2.450000
2.450000
2.450000
2.450000
2.450000
2.450000
2.450000
2.450000
2.450000
2.450000
2.450000
2.450000
2.450000
2.450000
2.450000
2.450000
2.450000
2.450000
2.450000
2.450000
2.450000
2.450000
2.450000
2.450000
2.450000
2.450000
2.460000
2.460000
2.460000
2.460000
2.460000
2.460000
2.460000
2.460000
2.460000
2.460000
2.460000
2.460000
2.460000
2.460000
2.460000
2.460000
2.460000
2.460000
2.460000
2.460000
2.460000
2.460000
2.460000
2.460000
2.460000
2.460000
2.460000
2.460000
2.460000
2.460000
2.460000
2.460000
2.460000
2.460000
2.460000
2.460000
2.460000
2.460000
2.460000
2.460000
2.460000
2.460000
2.460000
2.460000
2.460000
2.460000
2.460000
2.460000
2.460000
2.460000
2.460000
2.460000
2.460000
2.460000
2.460000
2.460000
2.470000
2.470000
2.470000
2.470000
2.470000
2.470000
2.470000
2.470000
2.470000
2.470000
2.470000
2.470000
2.470000
2.470000
2.470000
2.470000
2.470000
2.470000
2.470000
2.470000
2.470000
2.470000
2.470000
2.470000
2.470000
2.470000
2.470000
2.470000
2.470000
2.470000
2.470000
2.470000
2.470000
2.470000
2.470000
2.480000
2.480000
2.480000
2.480000
2.480000
2.480000
2.480000
2.480000
2.480000
2.480000
2.480000
2.490000
2.490000
2.490000
2.490000
2.490000
2.490000
2.490000
2.490000
2.490000
2.490000
2.490000
2.500000
2.500000
2.500000
2.500000
2.500000
2.510000
2.510000
2.510000
2.520000
2.520000
2.530000
2.530000
2.530000
2.530000
2.530000
2.540000
2.540000
2.550000
2.550000
2.550000
2.560000
2.560000
2.560000
2.570000
2.570000
2.570000
2.570000
2.570000
2.570000
2.570000
2.580000
2.580000
2.580000
2.580000
2.580000
2.580000
2.580000
2.580000
2.590000
2.590000
2.590000
2.590000
2.590000
2.590000
2.590000
2.600000
2.600000
2.600000
2.600000
2.600000
2.600000
2.610000
2.610000
2.610000
2.620000
2.620000
2.620000
2.630000
2.630000
2.640000
2.650000
2.650000
2.660000
2.660000
2.670000
2.670000
2.670000
2.680000
2.680000
2.680000
2.680000
2.680000
2.690000
2.690000
2.690000
2.700000
2.700000
2.700000
2.710000
2.720000
2.730000
2.730000
2.730000
2.730000
2.730000
2.740000
2.740000
2.740000
2.740000
2.750000
2.750000
2.750000
2.750000
2.750000
2.760000
2.760000
2.760000
2.770000
2.770000
2.770000
2.780000
2.780000
2.780000
2.780000
2.780000
2.790000
2.790000
2.790000
2.800000
2.810000
2.810000
2.820000
2.820000
2.830000
2.830000
2.830000
2.840000
2.840000
2.850000
2.850000
2.860000
2.860000
2.870000
2.870000
2.880000
2.880000
2.880000
2.890000
2.890000
2.900000
2.900000
2.900000
2.900000
2.900000
2.900000
2.900000
2.910000
2.910000
2.910000
2.920000
2.920000
2.920000
2.930000
2.930000
2.930000
2.940000
2.940000
2.940000
2.940000
2.940000
2.940000
2.940000
2.950000
2.950000
2.960000
2.960000
2.960000
2.960000
2.960000
2.960000
2.960000
2.960000
2.960000
2.960000
2.960000
2.960000
2.970000
2.970000
2.970000
2.970000
2.980000
2.980000
2.980000
2.980000
2.980000
2.990000
2.990000
2.990000
3.000000
3.000000
3.010000
3.010000
3.010000
3.020000
3.020000
3.020000
3.020000
3.040000
3.040000
3.070000
3.080000
3.090000
3.090000
3.090000
3.100000
3.100000
3.100000
3.110000
3.110000
3.120000
3.120000
3.130000
3.130000
3.130000
3.130000
3.130000
3.140000
3.140000
3.160000
3.160000
3.170000
3.170000
3.170000
3.190000
3.200000
3.200000
3.200000
3.210000
3.230000
3.240000
3.300000
3.320000
3.320000
3.330000
3.360000
3.370000
3.400000
3.420000
3.430000
3.440000
3.460000
3.480000
3.520000
3.540000
3.570000
3.580000
3.580000
3.620000
3.640000
3.640000
3.640000
3.650000
3.650000
3.670000
3.690000
3.690000
3.700000
3.710000
3.710000
3.720000
3.760000
3.800000
3.810000
3.810000
3.840000
3.860000
3.860000
3.890000
3.900000
3.900000
3.910000
3.920000
3.920000
3.930000
3.940000
3.950000
3.970000
4.000000
4.000000
4.060000
4.070000
4.100000
4.100000
4.160000
4.170000
4.200000
4.200000
4.220000
4.230000
4.240000
4.270000
4.290000
4.290000
4.290000
4.330000
4.330000
4.370000
4.430000
4.450000
4.470000
4.490000
4.490000
4.550000
4.590000
4.610000
4.630000
4.640000
4.680000
4.710000
4.740000
4.810000
4.830000
4.900000
4.940000
4.950000
5.040000
5.050000
5.060000
5.070000
5.080000
5.080000
5.100000
5.120000
5.150000
5.160000
5.170000
5.170000
5.170000
5.180000
5.190000
5.190000
5.200000
5.200000
5.220000
5.230000
5.320000
5.360000
5.360000
5.370000
5.380000
5.400000
5.420000
5.490000
5.510000
5.520000
5.530000
5.550000
5.550000
5.670000
5.670000
5.700000
5.720000
5.830000
5.860000
5.870000
5.920000
5.940000
5.970000
5.970000
6.010000
6.070000
6.090000
6.120000
6.210000
6.210000
6.250000
6.250000
6.310000
6.340000
6.360000
6.500000
6.510000
6.520000
6.620000
6.670000
6.680000
6.700000
6.870000
6.920000
7.130000
7.140000
7.170000
7.180000
7.190000
7.240000
7.350000
7.390000
7.420000
7.510000
7.520000
7.570000
7.630000
7.940000
8.080000
8.080000
8.120000
8.140000
8.140000
8.200000
8.290000
8.340000
8.370000
8.390000
8.500000
8.540000
8.640000
8.710000
8.760000
9.450000
9.480000
9.750000
9.770000
9.900000
9.990000
10.000000
10.100000
10.200000
10.200000
10.400000
10.500000
10.600000
10.700000
10.800000
10.900000
10.900000
11.000000
11.200000
11.300000
11.800000
11.900000
12.000000
12.100000
13.100000
13.100000
13.300000
13.600000
13.600000
13.700000
14.000000
14.400000
15.200000
15.500000
16.900000
18.100000
18.400000
19.299999
19.700001
20.700001
20.900000
21.200001
22.299999
28.700001
30.200001
30.500000
30.500000
34.900002
40.900002
52.700001
67.099998
78.199997
79.900002
81.400002
83.900002
93.300003
93.599998
97.500000
130.000000
131.000000
140.000000
143.000000
149.000000
342.000000
402.000000
404.000000
